TIME,LABEL
0.176,1.4
0.922666667,10.2
1.668666667,10.3
2.406666667,10.4
3.149916667,11.1
3.873333333,11.2
4.625041667,11.3
5.361708333,11.4
6.1081875,12.1
6.870583333,12.2
7.615333333,12.3
8.359270833,12.4
9.073333333,13.1
9.830916667,13.2
10.595333333,13.3
11.318166667,13.4
12.044083333,14.1
12.808,14.2
13.542208333,14.3
14.299979167,14.4
15.010104167,15.1
15.76625,15.2
16.512,15.3
17.262083333,15.4
18.005416667,16.1
18.749166667,16.2
19.473041667,16.3
20.232,16.4
20.9454375,17.1
21.68,17.2
22.462,17.3
23.195333333,17.4
23.913875,18.1
24.658958333,18.2
25.322666667,1.1
25.92,1.2
26.5126875,1.1
27.1041875,1.2
27.706666667,1.4
28.257104167,2.1
28.887333333,2.2
29.474520833,2.3
30.068,2.4
30.684,3.1
31.267333333,3.2
31.880458333,3.3
32.455833333,3.4
33.028833333,4.1
33.606708333,4.2
34.2201875,4.3
34.828,4.4
35.406,5.1
36.012854167,5.2
36.6173125,5.3
37.198666667,5.4
37.791333333,6.1
38.386583333,6.2
38.992666667,6.3
39.570354167,6.4
40.168520833,7.1
40.764083333,7.2
41.352479167,7.3
41.940083333,7.4
42.542145833,8.1
43.148833333,8.2
43.7441875,8.3
44.332395833,8.4
44.874666667,2.3
45.373333333,19.2
45.817770833,19.3
46.264,19.4
46.718375,20.1
47.152625,20.2
47.592,20.3
48.048,20.4
48.514458333,21.1
48.952,21.2
49.39075,21.3
49.842354167,21.4
50.313583333,22.1
50.736,22.2
51.176458333,22.3
51.63,22.4
52.077,23.1
52.508583333,23.2
52.975458333,23.3
53.4,23.4
53.8770625,24.1
54.32,24.2
54.762416667,24.3
55.214104167,24.4
55.648375,25.1
56.099,25.2
56.543979167,25.3
56.994541667,25.4
57.4601875,26.1
57.8975625,26.2
58.327,26.3
58.771104167,26.4
59.216,27.1
59.664,27.2
60.100875,27.3
60.552,27.4
61.0,28.1
61.444666667,28.2
61.888,28.3
62.341333333,28.4
