TIME,LABEL
0.095333333,1.2
0.549041667,1.3
1.000000000,1.4
1.452000000,1.3
1.901000000,1.3
2.353625000,1.2
2.807333333,1.3
3.258291667,1.4
3.707250000,1.2
4.158166667,1.2
4.611875000,1.3
5.062833333,1.4
5.514833333,1.3
5.963833333,1.3
6.415000000,1.2
6.862500000,1.3
7.313500000,1.4
7.758000000,1.2
8.216000000,1.3
8.659020833,1.3
9.111645833,1.2
9.565354167,1.3
10.022833333,1.4
10.465270833,1.2
10.916187500,1.2
11.372000000,1.3
11.820854167,1.4
12.271520833,1.2
12.721854167,1.3
13.173020833,1.2
13.640666667,1.3
14.071666667,2.1
14.531666667,2.2
14.979000000,2.3
15.713333333,3.1
16.451000000,3.2
17.210000000,2.3
17.944333333,3.1
18.711375000,2.3
19.445708333,3.1
20.208000000,3.2
20.952000000,2.3
21.720000000,3.3
22.475312500,3.4
23.213333333,4.1
23.930895833,4.2
24.695875000,4.3
25.439875000,4.4
26.226666667,5.1
26.945854167,5.2
27.710875000,5.3
28.449750000,5.4
29.208666667,6.1
29.939979167,6.2
30.695541667,6.3
31.453333333,6.4
32.209333333,7.1
32.937687500,7.2
33.683020833,7.3
34.448125000,7.4
35.214666667,8.1
35.952000000,8.2
36.712666667,8.3
37.440354167,8.4
38.202854167,9.1
38.930104167,9.2
39.690000000,9.3
40.363020833,10.3
40.950000000,10.4
41.573916667,11.1
42.168000000,11.2
42.759354167,11.3
43.384479167,11.4
43.951000000,12.1
44.571333333,12.2
45.165104167,12.3
45.742666667,12.4
46.362020833,13.1
46.966000000,13.2
47.562666667,13.3
48.184583333,13.4
48.766437500,14.1
49.354125000,14.2
49.961333333,14.3
50.551395833,14.4
51.151416667,15.1
51.764145833,15.2
52.349625000,15.3
52.979479167,15.4
53.563437500,16.1
54.158520833,16.2
54.756562500,16.3
55.332666667,16.4
55.948666667,17.1
56.536666667,17.2
57.184895833,17.3
57.773333333,17.4
58.349104167,18.1
58.971958333,18.2
59.563020833,18.3
60.159458333,18.4
60.765541667,19.1
61.344479167,19.2
61.973333333,19.3
62.566000000,19.4
